144902 160000
144904 80000
144905 40000
144907 40000
144908 40000
144910 40000
144911 40000
144912 40000
144914 40000
144915 40000
144916 40000
144917 40000
144919 40000
144920 40000
144921 40000
144922 40000
144923 40000
144925 40000
144926 40000
144927 40000
157969 160000
157970 80000
157971 40000
157972 40000
157973 40000
157974 40000
157975 40000
157976 40000
157977 40000
157978 40000
157979 40000
157980 40000
157981 40000
157982 40000
157983 40000
157984 40000
157985 40000
157986 40000
176558 40000
176559 160000
176560 80000
176561 40000
176562 40000
176563 40000
176564 40000
176565 40000
176566 40000
176567 40000
176568 40000
176569 40000
176570 40000
176571 40000
176572 40000
176573 40000
204000 240000
204001 40000
204643 125000
204644 125000
204645 125000
204646 125000
204647 125000
